3.094000000000000000e+03
3.095000000000000000e+03
3.096000000000000000e+03
3.097000000000000000e+03
3.098000000000000000e+03
3.099000000000000000e+03
3.100000000000000000e+03
3.101000000000000000e+03
3.102000000000000000e+03
3.103000000000000000e+03
3.104000000000000000e+03
3.105000000000000000e+03
3.106000000000000000e+03
3.107000000000000000e+03
3.108000000000000000e+03
3.109000000000000000e+03
3.110000000000000000e+03
3.111000000000000000e+03
3.112000000000000000e+03
3.113000000000000000e+03
3.114000000000000000e+03
3.115000000000000000e+03
3.116000000000000000e+03
3.117000000000000000e+03
3.118000000000000000e+03
3.119000000000000000e+03
3.120000000000000000e+03
3.121000000000000000e+03
3.122000000000000000e+03
3.123000000000000000e+03
3.124000000000000000e+03
3.125000000000000000e+03
3.126000000000000000e+03
3.127000000000000000e+03
3.128000000000000000e+03
3.129000000000000000e+03
3.130000000000000000e+03
3.131000000000000000e+03
3.132000000000000000e+03
3.133000000000000000e+03
3.134000000000000000e+03
3.135000000000000000e+03
3.136000000000000000e+03
3.137000000000000000e+03
3.138000000000000000e+03
3.139000000000000000e+03
3.140000000000000000e+03
3.141000000000000000e+03
3.142000000000000000e+03
3.143000000000000000e+03
3.144000000000000000e+03
3.145000000000000000e+03
3.146000000000000000e+03
3.147000000000000000e+03
3.148000000000000000e+03
3.149000000000000000e+03
3.150000000000000000e+03
3.151000000000000000e+03
3.152000000000000000e+03
3.153000000000000000e+03
3.154000000000000000e+03
3.155000000000000000e+03
3.156000000000000000e+03
3.157000000000000000e+03
3.158000000000000000e+03
3.159000000000000000e+03
3.160000000000000000e+03
3.161000000000000000e+03
3.162000000000000000e+03
3.163000000000000000e+03
3.164000000000000000e+03
3.165000000000000000e+03
3.166000000000000000e+03
3.167000000000000000e+03
3.168000000000000000e+03
3.169000000000000000e+03
3.170000000000000000e+03
3.171000000000000000e+03
3.172000000000000000e+03
3.173000000000000000e+03
3.174000000000000000e+03
3.175000000000000000e+03
3.176000000000000000e+03
3.177000000000000000e+03
3.178000000000000000e+03
