7.530000000000000000e+02
7.540000000000000000e+02
7.550000000000000000e+02
7.560000000000000000e+02
7.570000000000000000e+02
7.580000000000000000e+02
7.590000000000000000e+02
7.600000000000000000e+02
7.610000000000000000e+02
7.620000000000000000e+02
7.630000000000000000e+02
7.640000000000000000e+02
7.650000000000000000e+02
7.660000000000000000e+02
7.670000000000000000e+02
7.680000000000000000e+02
7.690000000000000000e+02
7.700000000000000000e+02
7.710000000000000000e+02
7.720000000000000000e+02
7.730000000000000000e+02
7.740000000000000000e+02
7.750000000000000000e+02
7.760000000000000000e+02
7.770000000000000000e+02
7.780000000000000000e+02
7.790000000000000000e+02
7.800000000000000000e+02
7.810000000000000000e+02
7.820000000000000000e+02
7.830000000000000000e+02
7.840000000000000000e+02
7.850000000000000000e+02
3.699000000000000000e+03
3.700000000000000000e+03
3.701000000000000000e+03
3.702000000000000000e+03
3.703000000000000000e+03
3.704000000000000000e+03
3.705000000000000000e+03
3.706000000000000000e+03
3.707000000000000000e+03
3.708000000000000000e+03
3.709000000000000000e+03
3.710000000000000000e+03
3.711000000000000000e+03
3.712000000000000000e+03
3.713000000000000000e+03
3.714000000000000000e+03
3.715000000000000000e+03
3.716000000000000000e+03
3.717000000000000000e+03
3.718000000000000000e+03
3.719000000000000000e+03
3.720000000000000000e+03
3.721000000000000000e+03
3.722000000000000000e+03
