# start coordinate, end coordinate, orientation (1 -> forward, -1 -> reverse)
2.198200000000000000e+04 2.063000000000000000e+04 -1.000000000000000000e+00
2.329600000000000000e+04 2.220800000000000000e+04 -1.000000000000000000e+00
2.440400000000000000e+04 2.405800000000000000e+04 -1.000000000000000000e+00
4.330800000000000000e+04 4.209200000000000000e+04 -1.000000000000000000e+00
2.348770000000000000e+05 2.354730000000000000e+05 1.000000000000000000e+00
2.579700000000000000e+05 2.581730000000000000e+05 1.000000000000000000e+00
2.581720000000000000e+05 2.586930000000000000e+05 1.000000000000000000e+00
2.900870000000000000e+05 2.902150000000000000e+05 1.000000000000000000e+00
3.762550000000000000e+05 3.765960000000000000e+05 1.000000000000000000e+00
3.933410000000000000e+05 3.927600000000000000e+05 -1.000000000000000000e+00
4.004350000000000000e+05 3.995510000000000000e+05 -1.000000000000000000e+00
5.021820000000000000e+05 5.018170000000000000e+05 -1.000000000000000000e+00
5.395940000000000000e+05 5.392260000000000000e+05 -1.000000000000000000e+00
5.395960000000000000e+05 5.398380000000000000e+05 1.000000000000000000e+00
5.469310000000000000e+05 5.464190000000000000e+05 -1.000000000000000000e+00
5.482780000000000000e+05 5.477000000000000000e+05 -1.000000000000000000e+00
5.513060000000000000e+05 5.518150000000000000e+05 1.000000000000000000e+00
5.518110000000000000e+05 5.546570000000000000e+05 1.000000000000000000e+00
5.583770000000000000e+05 5.584870000000000000e+05 1.000000000000000000e+00
5.685290000000000000e+05 5.662920000000000000e+05 -1.000000000000000000e+00
5.734880000000000000e+05 5.719800000000000000e+05 -1.000000000000000000e+00
6.126020000000000000e+05 6.146970000000000000e+05 1.000000000000000000e+00
6.191160000000000000e+05 6.180460000000000000e+05 -1.000000000000000000e+00
6.591310000000000000e+05 6.581540000000000000e+05 -1.000000000000000000e+00
6.599990000000000000e+05 6.614490000000000000e+05 1.000000000000000000e+00
6.646870000000000000e+05 6.643160000000000000e+05 -1.000000000000000000e+00
6.664870000000000000e+05 6.661310000000000000e+05 -1.000000000000000000e+00
6.989650000000000000e+05 6.988160000000000000e+05 -1.000000000000000000e+00
7.116780000000000000e+05 7.119680000000000000e+05 1.000000000000000000e+00
7.119760000000000000e+05 7.135200000000000000e+05 1.000000000000000000e+00
7.138920000000000000e+05 7.153970000000000000e+05 1.000000000000000000e+00
7.902410000000000000e+05 7.900590000000000000e+05 -1.000000000000000000e+00
7.902280000000000000e+05 7.904250000000000000e+05 1.000000000000000000e+00
7.936310000000000000e+05 7.943890000000000000e+05 1.000000000000000000e+00
7.943820000000000000e+05 7.949000000000000000e+05 1.000000000000000000e+00
7.965580000000000000e+05 7.966620000000000000e+05 1.000000000000000000e+00
7.997440000000000000e+05 7.996610000000000000e+05 -1.000000000000000000e+00
8.655310000000000000e+05 8.678790000000000000e+05 1.000000000000000000e+00
8.956140000000000000e+05 8.957840000000000000e+05 1.000000000000000000e+00
9.036560000000000000e+05 9.038950000000000000e+05 1.000000000000000000e+00
9.038950000000000000e+05 9.042960000000000000e+05 1.000000000000000000e+00
9.399700000000000000e+05 9.422450000000000000e+05 1.000000000000000000e+00
1.193188000000000000e+06 1.193616000000000000e+06 1.000000000000000000e+00
1.194385000000000000e+06 1.194876000000000000e+06 1.000000000000000000e+00
1.197095000000000000e+06 1.196635000000000000e+06 -1.000000000000000000e+00
1.219762000000000000e+06 1.222409000000000000e+06 1.000000000000000000e+00
1.223725000000000000e+06 1.224068000000000000e+06 1.000000000000000000e+00
1.230544000000000000e+06 1.229644000000000000e+06 -1.000000000000000000e+00
1.311374000000000000e+06 1.311285000000000000e+06 -1.000000000000000000e+00
1.322340000000000000e+06 1.322720000000000000e+06 1.000000000000000000e+00
1.323488000000000000e+06 1.325011000000000000e+06 1.000000000000000000e+00
1.389231000000000000e+06 1.389094000000000000e+06 -1.000000000000000000e+00
1.424482000000000000e+06 1.424592000000000000e+06 1.000000000000000000e+00
1.442635000000000000e+06 1.440683000000000000e+06 -1.000000000000000000e+00
1.443893000000000000e+06 1.444414000000000000e+06 1.000000000000000000e+00
1.510009000000000000e+06 1.509116000000000000e+06 -1.000000000000000000e+00
1.519865000000000000e+06 1.518535000000000000e+06 -1.000000000000000000e+00
1.566206000000000000e+06 1.565496000000000000e+06 -1.000000000000000000e+00
1.570812000000000000e+06 1.569232000000000000e+06 -1.000000000000000000e+00
1.570808000000000000e+06 1.571584000000000000e+06 1.000000000000000000e+00
1.600052000000000000e+06 1.598769000000000000e+06 -1.000000000000000000e+00
1.602185000000000000e+06 1.602075000000000000e+06 -1.000000000000000000e+00
1.607914000000000000e+06 1.606613000000000000e+06 -1.000000000000000000e+00
1.615473000000000000e+06 1.614655000000000000e+06 -1.000000000000000000e+00
1.616875000000000000e+06 1.616729000000000000e+06 -1.000000000000000000e+00
1.628624000000000000e+06 1.629903000000000000e+06 1.000000000000000000e+00
1.748398000000000000e+06 1.749551000000000000e+06 1.000000000000000000e+00
1.769287000000000000e+06 1.768575000000000000e+06 -1.000000000000000000e+00
1.780359000000000000e+06 1.782258000000000000e+06 1.000000000000000000e+00
1.844137000000000000e+06 1.846071000000000000e+06 1.000000000000000000e+00
1.857066000000000000e+06 1.856818000000000000e+06 -1.000000000000000000e+00
1.861730000000000000e+06 1.863211000000000000e+06 1.000000000000000000e+00
1.973271000000000000e+06 1.972696000000000000e+06 -1.000000000000000000e+00
1.974041000000000000e+06 1.974685000000000000e+06 1.000000000000000000e+00
1.991327000000000000e+06 1.990275000000000000e+06 -1.000000000000000000e+00
2.005436000000000000e+06 2.005741000000000000e+06 1.000000000000000000e+00
2.009138000000000000e+06 2.008992000000000000e+06 -1.000000000000000000e+00
2.103097000000000000e+06 2.102865000000000000e+06 -1.000000000000000000e+00
2.111637000000000000e+06 2.111476000000000000e+06 -1.000000000000000000e+00
2.111632000000000000e+06 2.112390000000000000e+06 1.000000000000000000e+00
2.115127000000000000e+06 2.114673000000000000e+06 -1.000000000000000000e+00
2.128598000000000000e+06 2.128419000000000000e+06 -1.000000000000000000e+00
2.130458000000000000e+06 2.129358000000000000e+06 -1.000000000000000000e+00
2.143993000000000000e+06 2.143832000000000000e+06 -1.000000000000000000e+00
2.296362000000000000e+06 2.296601000000000000e+06 1.000000000000000000e+00
2.330848000000000000e+06 2.331454000000000000e+06 1.000000000000000000e+00
2.406676000000000000e+06 2.407441000000000000e+06 1.000000000000000000e+00
2.524675000000000000e+06 2.525621000000000000e+06 1.000000000000000000e+00
2.822185000000000000e+06 2.821970000000000000e+06 -1.000000000000000000e+00
2.823394000000000000e+06 2.822954000000000000e+06 -1.000000000000000000e+00
2.884513000000000000e+06 2.883968000000000000e+06 -1.000000000000000000e+00
2.996294000000000000e+06 2.997160000000000000e+06 1.000000000000000000e+00
3.008144000000000000e+06 3.008787000000000000e+06 1.000000000000000000e+00
3.023944000000000000e+06 3.023258000000000000e+06 -1.000000000000000000e+00
3.025408000000000000e+06 3.024713000000000000e+06 -1.000000000000000000e+00
3.080430000000000000e+06 3.079230000000000000e+06 -1.000000000000000000e+00
3.210265000000000000e+06 3.210729000000000000e+06 1.000000000000000000e+00
3.434702000000000000e+06 3.434229000000000000e+06 -1.000000000000000000e+00
3.662658000000000000e+06 3.664198000000000000e+06 1.000000000000000000e+00
3.701901000000000000e+06 3.702859000000000000e+06 1.000000000000000000e+00
3.741196000000000000e+06 3.740693000000000000e+06 -1.000000000000000000e+00
3.742464000000000000e+06 3.741967000000000000e+06 -1.000000000000000000e+00
3.784910000000000000e+06 3.785923000000000000e+06 1.000000000000000000e+00
3.786267000000000000e+06 3.785921000000000000e+06 -1.000000000000000000e+00
3.786758000000000000e+06 3.786303000000000000e+06 -1.000000000000000000e+00
3.787582000000000000e+06 3.787962000000000000e+06 1.000000000000000000e+00
3.792118000000000000e+06 3.791913000000000000e+06 -1.000000000000000000e+00
3.792771000000000000e+06 3.793019000000000000e+06 1.000000000000000000e+00
3.824339000000000000e+06 3.824976000000000000e+06 1.000000000000000000e+00
3.884041000000000000e+06 3.883423000000000000e+06 -1.000000000000000000e+00
3.922262000000000000e+06 3.921814000000000000e+06 -1.000000000000000000e+00
3.956200000000000000e+06 3.956015000000000000e+06 -1.000000000000000000e+00
3.967664000000000000e+06 3.967248000000000000e+06 -1.000000000000000000e+00
4.047458000000000000e+06 4.045494000000000000e+06 -1.000000000000000000e+00
4.055644000000000000e+06 4.056585000000000000e+06 1.000000000000000000e+00
4.201418000000000000e+06 4.199844000000000000e+06 -1.000000000000000000e+00
4.229635000000000000e+06 4.231215000000000000e+06 1.000000000000000000e+00
4.239253000000000000e+06 4.240238000000000000e+06 1.000000000000000000e+00
4.254404000000000000e+06 4.255990000000000000e+06 1.000000000000000000e+00
4.330382000000000000e+06 4.328746000000000000e+06 -1.000000000000000000e+00
4.479903000000000000e+06 4.481168000000000000e+06 1.000000000000000000e+00
4.482665000000000000e+06 4.481485000000000000e+06 -1.000000000000000000e+00
4.483252000000000000e+06 4.483481000000000000e+06 1.000000000000000000e+00
4.488765000000000000e+06 4.489001000000000000e+06 1.000000000000000000e+00
4.504341000000000000e+06 4.504276000000000000e+06 -1.000000000000000000e+00
4.512406000000000000e+06 4.512188000000000000e+06 -1.000000000000000000e+00
4.514813000000000000e+06 4.514568000000000000e+06 -1.000000000000000000e+00
4.515183000000000000e+06 4.516169000000000000e+06 1.000000000000000000e+00
4.521095000000000000e+06 4.521577000000000000e+06 1.000000000000000000e+00
4.522339000000000000e+06 4.522473000000000000e+06 1.000000000000000000e+00
4.549912000000000000e+06 4.550667000000000000e+06 1.000000000000000000e+00
4.551438000000000000e+06 4.554800000000000000e+06 1.000000000000000000e+00
4.585085000000000000e+06 4.584172000000000000e+06 -1.000000000000000000e+00
4.626338000000000000e+06 4.627690000000000000e+06 1.000000000000000000e+00
